# Exported from Wings 3D 1.2
mtllib coal_mine.mtl
o cylinder3
#16 vertices, 28 faces
v 2.49410565 1.15382525 0.71487641
v 2.49410565 1.34479163 1.17591003
v 2.49410565 1.80582525 1.36687641
v 2.49410565 2.26685887 1.17591003
v 2.49410565 2.45782525 0.71487641
v 2.49410565 2.26685887 0.25384279
v 2.49410565 1.80582525 6.2876413e-2
v 2.49410565 1.34479163 0.25384279
v 2.34736346 1.15382525 0.71487641
v 2.34736346 1.34479163 1.17591003
v 2.34736346 1.80582525 1.36687641
v 2.34736346 2.26685887 1.17591003
v 2.34736346 2.45782525 0.71487641
v 2.34736346 2.26685887 0.25384279
v 2.34736346 1.80582525 6.2876413e-2
v 2.34736346 1.34479163 0.25384279
vn 1.00000000 0.0000000e+0 0.0000000e+0
vn 1.00000000 0.0000000e+0 0.0000000e+0
vn 1.00000000 0.0000000e+0 0.0000000e+0
vn 0.0000000e+0 -1.00000000 -6.9097563e-16
vn 0.0000000e+0 -1.00000000 -6.9097563e-16
vn 0.0000000e+0 -0.70710678 0.70710678
vn 0.0000000e+0 -0.70710678 0.70710678
vn 1.00000000 0.0000000e+0 0.0000000e+0
vn 1.00000000 0.0000000e+0 0.0000000e+0
vn 1.00000000 0.0000000e+0 0.0000000e+0
vn 0.0000000e+0 -0.70710678 0.70710678
vn 0.0000000e+0 -0.70710678 0.70710678
vn 1.00000000 0.0000000e+0 0.0000000e+0
vn 0.0000000e+0 -1.5021209e-16 1.00000000
vn 0.0000000e+0 -1.5021209e-16 1.00000000
vn 0.0000000e+0 0.70710678 0.70710678
vn 0.0000000e+0 0.70710678 0.70710678
vn 1.00000000 0.0000000e+0 0.0000000e+0
vn 1.00000000 0.0000000e+0 0.0000000e+0
vn 0.0000000e+0 0.70710678 0.70710678
vn 0.0000000e+0 0.70710678 0.70710678
vn 1.00000000 0.0000000e+0 0.0000000e+0
vn 1.00000000 0.0000000e+0 0.0000000e+0
vn 1.00000000 0.0000000e+0 0.0000000e+0
vn 0.0000000e+0 1.00000000 0.0000000e+0
vn 0.0000000e+0 1.00000000 0.0000000e+0
vn 1.00000000 0.0000000e+0 0.0000000e+0
vn 0.0000000e+0 0.70710678 -0.70710678
vn 0.0000000e+0 0.70710678 -0.70710678
vn 1.00000000 0.0000000e+0 0.0000000e+0
vn 1.00000000 0.0000000e+0 0.0000000e+0
vn 0.0000000e+0 0.70710678 -0.70710678
vn 0.0000000e+0 0.70710678 -0.70710678
vn 1.00000000 0.0000000e+0 0.0000000e+0
vn 0.0000000e+0 -3.3046660e-16 -1.00000000
vn 0.0000000e+0 -3.3046660e-16 -1.00000000
vn 1.00000000 0.0000000e+0 0.0000000e+0
vn 0.0000000e+0 -0.70710678 -0.70710678
vn 0.0000000e+0 -0.70710678 -0.70710678
vn 1.00000000 0.0000000e+0 0.0000000e+0
vn 0.0000000e+0 -0.70710678 -0.70710678
vn 0.0000000e+0 -0.70710678 -0.70710678
vn 0.0000000e+0 -1.00000000 -5.2574232e-16
vn 0.0000000e+0 -1.00000000 -5.1072112e-16
vn -1.00000000 5.9444881e-16 2.7544507e-17
vn -1.00000000 5.9444881e-16 2.7544507e-17
vn -1.00000000 5.9444881e-16 2.7544507e-17
vn 0.0000000e+0 -1.00000000 -5.2574232e-16
vn 0.0000000e+0 -1.00000000 -5.1072112e-16
vn -1.00000000 8.3758417e-16 -6.8111842e-16
vn 0.0000000e+0 -0.70710678 0.70710678
vn 0.0000000e+0 -0.70710678 0.70710678
vn -1.00000000 8.3758417e-16 -6.8111842e-16
vn -1.00000000 6.3050818e-16 -1.1627419e-15
vn 0.0000000e+0 -9.0127256e-17 1.00000000
vn 0.0000000e+0 -7.5106046e-17 1.00000000
vn 0.0000000e+0 -7.5106046e-17 1.00000000
vn 0.0000000e+0 -9.0127256e-17 1.00000000
vn -1.00000000 5.5838944e-16 -4.0705753e-16
vn 0.0000000e+0 0.70710678 0.70710678
vn 0.0000000e+0 0.70710678 0.70710678
vn -1.00000000 5.5838944e-16 -4.0705753e-16
vn -1.00000000 5.5838944e-16 -4.0705753e-16
vn 0.0000000e+0 1.00000000 0.0000000e+0
vn 0.0000000e+0 1.00000000 0.0000000e+0
vn -1.00000000 2.4622876e-16 2.7544507e-17
vn -1.00000000 2.4622876e-16 2.7544507e-17
vn -1.00000000 2.4622876e-16 2.7544507e-17
vn 0.0000000e+0 1.00000000 0.0000000e+0
vn 0.0000000e+0 1.00000000 0.0000000e+0
vn 0.0000000e+0 0.70710678 -0.70710678
vn 0.0000000e+0 0.70710678 -0.70710678
vn -1.00000000 6.3050818e-16 4.8162345e-16
vn -1.00000000 6.3050818e-16 4.8162345e-16
vn 0.0000000e+0 -6.6093321e-16 -1.00000000
vn 0.0000000e+0 -6.6093321e-16 -1.00000000
vn -1.00000000 1.2610164e-15 1.1627419e-15
vn 0.0000000e+0 -6.6093321e-16 -1.00000000
vn 0.0000000e+0 -6.6093321e-16 -1.00000000
vn 0.0000000e+0 -0.70710678 -0.70710678
vn 0.0000000e+0 -0.70710678 -0.70710678
vn -1.00000000 6.6656754e-16 3.6810372e-16
vn -1.00000000 6.6656754e-16 3.6810372e-16
vn -1.00000000 6.6656754e-16 3.6810372e-16
g cylinder3_black
usemtl black
s 1
f 1//3 5//23 2//9
f 2//8 4//18 3//13
f 4//19 2//10 5//24
f 5//22 1//2 6//30
f 6//31 8//40 7//34
f 8//37 6//27 1//1
f 9//47 13//68 16//84
f 10//53 12//62 9//45
f 11//54 12//59 10//50
f 13//67 9//46 12//63
f 14//74 16//83 13//66
f 15//77 16//82 14//73
s 2
f 1//4 9//48 8//41
f 2//11 9//49 1//5
f 2//6 11//56 10//51
f 3//14 11//57 2//12
f 4//20 11//58 3//15
f 4//16 13//65 12//60
f 5//25 13//69 4//21
f 6//32 13//70 5//26
f 6//28 15//76 14//71
f 7//35 15//78 6//33
f 8//38 9//43 16//80
f 8//42 15//79 7//36
f 10//52 9//44 2//7
f 12//61 11//55 4//17
f 14//72 13//64 6//29
f 16//81 15//75 8//39
o cube2
#16 vertices, 28 faces
v 2.22051250 0.0000000e+0 0.80793621
v 2.22051250 2.01227309 0.80793621
v 2.61079250 2.01227309 0.80793621
v 2.61079250 0.0000000e+0 0.80793621
v 2.22051250 0.0000000e+0 0.58793621
v 2.22051250 2.01227309 0.58793621
v 2.61079250 2.01227309 0.58793621
v 2.61079250 0.0000000e+0 0.58793621
v 2.22051250 1.51386988 0.80793621
v 2.61079250 1.51386988 0.80793621
v 2.22051250 1.62227149 0.80793621
v 2.61079250 1.62227149 0.80793621
v 2.50658774 0.11400482 2.45700288
v 2.32471726 0.11400482 2.45700288
v 2.32471726 5.6032134e-3 2.45700288
v 2.50658774 5.6032134e-3 2.45700288
vn -1.00000000 0.0000000e+0 0.0000000e+0
vn 0.0000000e+0 0.0000000e+0 1.00000000
vn 0.0000000e+0 -1.00000000 0.0000000e+0
vn 0.0000000e+0 1.00000000 0.0000000e+0
vn 0.0000000e+0 0.0000000e+0 1.00000000
vn 0.0000000e+0 1.00000000 0.0000000e+0
vn 0.0000000e+0 0.0000000e+0 1.00000000
vn -1.00000000 0.0000000e+0 0.0000000e+0
vn 1.00000000 0.0000000e+0 0.0000000e+0
vn 0.0000000e+0 1.00000000 0.0000000e+0
vn 0.0000000e+0 0.0000000e+0 1.00000000
vn 0.0000000e+0 0.0000000e+0 1.00000000
vn 0.0000000e+0 -1.00000000 0.0000000e+0
vn 0.0000000e+0 0.0000000e+0 1.00000000
vn 1.00000000 0.0000000e+0 0.0000000e+0
vn 0.0000000e+0 -1.00000000 0.0000000e+0
vn 0.0000000e+0 -1.00000000 0.0000000e+0
vn 0.0000000e+0 0.0000000e+0 -1.00000000
vn -1.00000000 0.0000000e+0 0.0000000e+0
vn 0.0000000e+0 -1.00000000 0.0000000e+0
vn 0.0000000e+0 0.0000000e+0 -1.00000000
vn -1.00000000 0.0000000e+0 0.0000000e+0
vn 0.0000000e+0 1.00000000 0.0000000e+0
vn 0.0000000e+0 0.0000000e+0 -1.00000000
vn -1.00000000 0.0000000e+0 0.0000000e+0
vn -1.00000000 0.0000000e+0 0.0000000e+0
vn -1.00000000 0.0000000e+0 0.0000000e+0
vn 1.00000000 0.0000000e+0 0.0000000e+0
vn 0.0000000e+0 1.00000000 0.0000000e+0
vn 0.0000000e+0 0.0000000e+0 -1.00000000
vn 1.00000000 0.0000000e+0 0.0000000e+0
vn 1.00000000 0.0000000e+0 0.0000000e+0
vn 0.0000000e+0 0.0000000e+0 -1.00000000
vn 0.0000000e+0 1.00000000 0.0000000e+0
vn 0.0000000e+0 -1.00000000 0.0000000e+0
vn 0.0000000e+0 0.0000000e+0 -1.00000000
vn 1.00000000 0.0000000e+0 0.0000000e+0
vn 1.00000000 0.0000000e+0 0.0000000e+0
vn 0.0000000e+0 0.0000000e+0 1.00000000
vn -1.00000000 0.0000000e+0 0.0000000e+0
vn -0.99800946 0.0000000e+0 6.3064362e-2
vn 0.0000000e+0 -0.73790656 -0.67490289
vn 0.0000000e+0 0.0000000e+0 1.00000000
vn -0.99800946 0.0000000e+0 6.3064362e-2
vn 0.0000000e+0 -0.73790656 -0.67490289
vn -1.00000000 0.0000000e+0 0.0000000e+0
vn -1.00000000 0.0000000e+0 0.0000000e+0
vn 0.0000000e+0 0.0000000e+0 1.00000000
vn 1.00000000 0.0000000e+0 0.0000000e+0
vn 1.00000000 0.0000000e+0 0.0000000e+0
vn 1.00000000 0.0000000e+0 0.0000000e+0
vn 0.99800946 0.0000000e+0 6.3064362e-2
vn 0.0000000e+0 -0.73790656 -0.67490289
vn 0.0000000e+0 0.0000000e+0 1.00000000
vn 0.0000000e+0 0.73790656 0.67490289
vn -0.99800946 0.0000000e+0 6.3064362e-2
vn -1.00000000 0.0000000e+0 0.0000000e+0
vn -1.00000000 0.0000000e+0 0.0000000e+0
vn 1.00000000 0.0000000e+0 0.0000000e+0
vn 0.0000000e+0 0.0000000e+0 1.00000000
vn 0.0000000e+0 0.73790656 0.67490289
vn 0.99800946 0.0000000e+0 6.3064362e-2
vn 1.00000000 0.0000000e+0 0.0000000e+0
vn 0.0000000e+0 0.0000000e+0 1.00000000
vn 0.99800946 0.0000000e+0 6.3064362e-2
vn 0.0000000e+0 0.73790656 0.67490289
vn 0.0000000e+0 0.73790656 0.67490289
vn 0.99800946 0.0000000e+0 6.3064362e-2
vn 0.0000000e+0 0.0000000e+0 1.00000000
vn 0.0000000e+0 0.0000000e+0 1.00000000
vn 0.0000000e+0 0.73790656 0.67490289
vn -0.99800946 0.0000000e+0 6.3064362e-2
vn 0.0000000e+0 0.0000000e+0 1.00000000
vn 0.0000000e+0 0.73790656 0.67490289
vn -0.99800946 0.0000000e+0 6.3064362e-2
vn 0.0000000e+0 0.0000000e+0 1.00000000
vn -0.99800946 0.0000000e+0 6.3064362e-2
vn 0.0000000e+0 -0.73790656 -0.67490289
vn 0.0000000e+0 0.0000000e+0 1.00000000
vn 0.0000000e+0 -0.73790656 -0.67490289
vn 0.99800946 0.0000000e+0 6.3064362e-2
vn 0.99800946 0.0000000e+0 6.3064362e-2
vn 0.0000000e+0 0.0000000e+0 1.00000000
vn 0.0000000e+0 -0.73790656 -0.67490289
g cube2_black
usemtl black
s 1
f 17//86 20//98 25//127
f 18//91 28//148 19//95
f 21//102 23//114 24//120
f 22//108 23//117 21//105
f 25//128 30//159 27//140
f 26//132 25//123 20//96
f 27//138 28//144 18//89
f 28//149 32//166 26//136
f 29//152 32//165 28//146
f 30//156 25//125 31//161
s 2
f 17//87 21//104 20//100
f 18//88 23//113 22//107
f 19//94 23//118 18//90
f 20//97 21//101 24//119
f 30//157 32//167 29//153
f 31//160 32//163 30//154
s 3
f 21//106 25//131 22//110
f 22//111 27//142 18//92
f 23//116 26//135 24//122
f 24//121 26//133 20//99
f 25//124 21//103 17//85
f 26//134 23//115 28//147
f 26//137 32//168 25//129
f 27//141 22//109 25//130
f 27//139 30//158 28//150
f 28//143 23//112 19//93
f 29//151 28//145 30//155
f 31//162 25//126 32//164
o cube1
#46 vertices, 88 faces
v 0.18917909 0.0000000e+0 2.62606251
v 0.18917909 2.00000000 2.62606251
v 1.45194161 2.00000000 2.62606251
v 1.45194161 0.0000000e+0 2.62606251
v 0.18917909 0.0000000e+0 1.01907514
v 0.18917909 2.00000000 1.01907514
v 1.45194161 2.00000000 1.01907514
v 1.45194161 0.0000000e+0 1.01907514
v 0.82056035 2.29309093 1.01907514
v 0.82056035 2.29309093 2.62606251
v 0.82056035 2.35184187 1.01907514
v 0.82056035 2.35184187 2.62606251
v 1.47437915 2.04833531 2.62606251
v 1.47437915 2.04833531 1.01907514
v 0.16674155 2.04833531 1.01907514
v 0.16674155 2.04833531 2.62606251
v 0.10912373 1.96283783 2.62606251
v 8.6686193e-2 2.01117314 2.62606251
v 8.6686193e-2 2.01117314 1.01907514
v 0.10912373 1.96283783 1.01907514
v 1.53199696 1.96283783 1.01907514
v 1.55443450 2.01117314 1.01907514
v 1.55443450 2.01117314 2.62606251
v 1.53199696 1.96283783 2.62606251
v 1.45194161 1.21182481 2.62606251
v 0.18917909 1.21182481 2.62606251
v 1.45194161 1.21182481 3.57128075
v 0.18917909 1.21182481 3.57128075
v 0.18917909 0.0000000e+0 3.57128075
v 1.45194161 0.0000000e+0 3.57128075
v 0.82056035 1.43963639 3.57128075
v 0.82056035 1.43963639 2.62606251
v 0.82056035 1.49487204 3.57128075
v 0.82056035 1.49487204 2.62606251
v 0.17154499 1.26069782 2.62606251
v 0.17154499 1.26069782 3.57128075
v 1.46957571 1.26069782 3.57128075
v 1.46957571 1.26069782 2.62606251
v 1.53089032 1.18333896 2.62606251
v 1.54852442 1.23221197 2.62606251
v 1.54852442 1.23221197 3.57128075
v 1.53089032 1.18333896 3.57128075
v 0.11023037 1.18333896 3.57128075
v 9.2596276e-2 1.23221197 3.57128075
v 9.2596276e-2 1.23221197 2.62606251
v 0.11023037 1.18333896 2.62606251
vn -1.00000000 0.0000000e+0 0.0000000e+0
vn -1.00000000 0.0000000e+0 0.0000000e+0
vn 0.0000000e+0 -1.00000000 0.0000000e+0
vn 0.0000000e+0 -1.00000000 0.0000000e+0
vn -1.00000000 0.0000000e+0 0.0000000e+0
vn 0.0000000e+0 -1.00000000 0.0000000e+0
vn -2.0603365e-16 0.0000000e+0 1.00000000
vn -1.00000000 0.0000000e+0 0.0000000e+0
vn -2.0603365e-16 0.0000000e+0 1.00000000
vn 0.42105177 -0.90703661 0.0000000e+0
vn -2.8231641e-17 0.0000000e+0 1.00000000
vn -2.8231641e-17 0.0000000e+0 1.00000000
vn -2.8231641e-17 0.0000000e+0 1.00000000
vn 1.00000000 0.0000000e+0 0.0000000e+0
vn -0.42105177 -0.90703661 0.0000000e+0
vn 2.8231641e-17 0.0000000e+0 1.00000000
vn 2.0603365e-16 0.0000000e+0 1.00000000
vn 2.0603365e-16 0.0000000e+0 1.00000000
vn 2.8231641e-17 0.0000000e+0 1.00000000
vn 2.8231641e-17 0.0000000e+0 1.00000000
vn -0.42105177 -0.90703661 0.0000000e+0
vn 0.0000000e+0 -1.00000000 0.0000000e+0
vn 1.00000000 0.0000000e+0 0.0000000e+0
vn 1.00000000 0.0000000e+0 0.0000000e+0
vn 0.0000000e+0 -1.00000000 0.0000000e+0
vn 1.00000000 0.0000000e+0 0.0000000e+0
vn 0.0000000e+0 -1.00000000 0.0000000e+0
vn 0.0000000e+0 -1.00000000 0.0000000e+0
vn -1.00000000 0.0000000e+0 0.0000000e+0
vn 0.0000000e+0 -1.00000000 0.0000000e+0
vn 0.0000000e+0 0.0000000e+0 -1.00000000
vn 0.0000000e+0 0.0000000e+0 -1.00000000
vn -1.00000000 0.0000000e+0 0.0000000e+0
vn 0.0000000e+0 0.0000000e+0 -1.00000000
vn 0.42105177 -0.90703661 0.0000000e+0
vn -1.9670877e-15 0.0000000e+0 -1.00000000
vn 0.0000000e+0 0.0000000e+0 -1.00000000
vn -1.00000000 0.0000000e+0 0.0000000e+0
vn -1.00000000 0.0000000e+0 0.0000000e+0
vn -1.9670877e-15 0.0000000e+0 -1.00000000
vn -1.9670877e-15 0.0000000e+0 -1.00000000
vn 0.42105177 -0.90703661 0.0000000e+0
vn 1.00000000 0.0000000e+0 0.0000000e+0
vn 0.0000000e+0 0.0000000e+0 -1.00000000
vn 1.00000000 0.0000000e+0 0.0000000e+0
vn 0.0000000e+0 0.0000000e+0 -1.00000000
vn 0.0000000e+0 0.0000000e+0 -1.00000000
vn -0.42105177 -0.90703661 0.0000000e+0
vn 1.9670877e-15 0.0000000e+0 -1.00000000
vn 1.9670877e-15 0.0000000e+0 -1.00000000
vn 1.9670877e-15 0.0000000e+0 -1.00000000
vn 0.0000000e+0 -1.00000000 0.0000000e+0
vn 1.00000000 0.0000000e+0 0.0000000e+0
vn 1.00000000 0.0000000e+0 0.0000000e+0
vn 0.0000000e+0 0.0000000e+0 -1.00000000
vn 0.0000000e+0 0.0000000e+0 -1.00000000
vn -7.2256674e-16 0.0000000e+0 -1.00000000
vn -7.2256674e-16 0.0000000e+0 -1.00000000
vn 7.2256674e-16 0.0000000e+0 -1.00000000
vn 7.2256674e-16 0.0000000e+0 -1.00000000
vn -1.5478455e-15 0.0000000e+0 1.00000000
vn 0.0000000e+0 0.0000000e+0 1.00000000
vn 0.0000000e+0 0.0000000e+0 1.00000000
vn 1.5478455e-15 0.0000000e+0 1.00000000
vn 1.5478455e-15 0.0000000e+0 1.00000000
vn -1.5478455e-15 0.0000000e+0 1.00000000
vn -1.4451335e-15 0.0000000e+0 -1.00000000
vn 0.42105177 0.90703661 0.0000000e+0
vn 1.4451335e-15 0.0000000e+0 -1.00000000
vn -0.42105177 0.90703661 0.0000000e+0
vn -0.42105177 0.90703661 0.0000000e+0
vn 2.8902669e-15 0.0000000e+0 1.00000000
vn -2.8902669e-15 0.0000000e+0 1.00000000
vn 0.42105177 0.90703661 0.0000000e+0
vn 0.42105177 0.90703661 0.0000000e+0
vn -0.42105177 0.90703661 0.0000000e+0
vn 0.42105177 0.90703661 0.0000000e+0
vn 2.9989847e-15 0.0000000e+0 1.00000000
vn 2.9989847e-15 0.0000000e+0 1.00000000
vn 2.9989847e-15 0.0000000e+0 1.00000000
vn 0.42105177 0.90703661 0.0000000e+0
vn 0.42105177 0.90703661 0.0000000e+0
vn 5.0183269e-16 0.0000000e+0 -1.00000000
vn 0.42105177 0.90703661 0.0000000e+0
vn 0.42105177 0.90703661 0.0000000e+0
vn 0.42105177 0.90703661 0.0000000e+0
vn 5.0183269e-16 0.0000000e+0 -1.00000000
vn 5.0183269e-16 0.0000000e+0 -1.00000000
vn -0.42105177 0.90703661 0.0000000e+0
vn -5.0183269e-16 0.0000000e+0 -1.00000000
vn -5.0183269e-16 0.0000000e+0 -1.00000000
vn -5.0183269e-16 0.0000000e+0 -1.00000000
vn -0.42105177 0.90703661 0.0000000e+0
vn -0.42105177 0.90703661 0.0000000e+0
vn -2.9989847e-15 0.0000000e+0 1.00000000
vn -0.42105177 0.90703661 0.0000000e+0
vn -0.42105177 0.90703661 0.0000000e+0
vn -0.42105177 0.90703661 0.0000000e+0
vn -2.9989847e-15 0.0000000e+0 1.00000000
vn -2.9989847e-15 0.0000000e+0 1.00000000
vn -0.90703661 -0.42105177 0.0000000e+0
vn 0.42105177 -0.90703661 0.0000000e+0
vn -0.90703661 -0.42105177 0.0000000e+0
vn 0.42105177 -0.90703661 0.0000000e+0
vn 1.1802526e-14 0.0000000e+0 1.00000000
vn -0.42105177 0.90703661 0.0000000e+0
vn -0.90703661 -0.42105177 0.0000000e+0
vn -0.42105177 0.90703661 0.0000000e+0
vn 2.9506315e-15 0.0000000e+0 1.00000000
vn 2.9506315e-15 0.0000000e+0 1.00000000
vn -0.90703661 -0.42105177 0.0000000e+0
vn -0.42105177 0.90703661 0.0000000e+0
vn -2.9506315e-15 0.0000000e+0 -1.00000000
vn -0.90703661 -0.42105177 0.0000000e+0
vn -2.9506315e-15 0.0000000e+0 -1.00000000
vn -0.90703661 -0.42105177 0.0000000e+0
vn 0.42105177 -0.90703661 0.0000000e+0
vn -2.9506315e-15 0.0000000e+0 -1.00000000
vn 0.90703661 -0.42105177 0.0000000e+0
vn -0.42105177 -0.90703661 0.0000000e+0
vn 0.90703661 -0.42105177 0.0000000e+0
vn -0.42105177 -0.90703661 0.0000000e+0
vn 2.9506315e-15 0.0000000e+0 -1.00000000
vn 0.42105177 0.90703661 0.0000000e+0
vn 0.90703661 -0.42105177 0.0000000e+0
vn 0.42105177 0.90703661 0.0000000e+0
vn 2.9506315e-15 0.0000000e+0 -1.00000000
vn 2.9506315e-15 0.0000000e+0 -1.00000000
vn 0.90703661 -0.42105177 0.0000000e+0
vn 0.42105177 0.90703661 0.0000000e+0
vn -2.9506315e-15 0.0000000e+0 1.00000000
vn 0.90703661 -0.42105177 0.0000000e+0
vn -2.9506315e-15 0.0000000e+0 1.00000000
vn 0.90703661 -0.42105177 0.0000000e+0
vn -0.42105177 -0.90703661 0.0000000e+0
vn -1.1802526e-14 0.0000000e+0 1.00000000
vn 1.00000000 0.0000000e+0 0.0000000e+0
vn 1.00000000 0.0000000e+0 0.0000000e+0
vn 1.00000000 0.0000000e+0 0.0000000e+0
vn 1.00000000 0.0000000e+0 0.0000000e+0
vn -0.33939772 -0.94064296 0.0000000e+0
vn 0.0000000e+0 0.0000000e+0 -1.00000000
vn 0.0000000e+0 0.0000000e+0 -1.00000000
vn 0.0000000e+0 0.0000000e+0 1.00000000
vn -1.00000000 0.0000000e+0 0.0000000e+0
vn 0.0000000e+0 0.0000000e+0 1.00000000
vn -1.00000000 0.0000000e+0 0.0000000e+0
vn -1.00000000 0.0000000e+0 0.0000000e+0
vn 0.0000000e+0 0.0000000e+0 -1.00000000
vn 0.0000000e+0 0.0000000e+0 -1.00000000
vn 0.33939772 -0.94064296 0.0000000e+0
vn -1.00000000 0.0000000e+0 0.0000000e+0
vn 0.0000000e+0 0.0000000e+0 1.00000000
vn 1.00000000 0.0000000e+0 0.0000000e+0
vn -0.33939772 -0.94064296 0.0000000e+0
vn 7.0041885e-19 0.0000000e+0 1.00000000
vn 1.00000000 0.0000000e+0 0.0000000e+0
vn 7.0041885e-19 0.0000000e+0 1.00000000
vn 7.0041885e-19 0.0000000e+0 1.00000000
vn -0.33939772 -0.94064296 0.0000000e+0
vn -1.00000000 0.0000000e+0 0.0000000e+0
vn 0.33939772 -0.94064296 0.0000000e+0
vn -2.9020754e-16 0.0000000e+0 1.00000000
vn 0.33939772 -0.94064296 0.0000000e+0
vn -1.00000000 0.0000000e+0 0.0000000e+0
vn -7.0041885e-19 0.0000000e+0 1.00000000
vn -7.0041885e-19 0.0000000e+0 1.00000000
vn -7.0041885e-19 0.0000000e+0 1.00000000
vn -1.00000000 0.0000000e+0 0.0000000e+0
vn 0.0000000e+0 -1.00000000 0.0000000e+0
vn -1.4510377e-16 0.0000000e+0 1.00000000
vn -1.4510377e-16 0.0000000e+0 1.00000000
vn 0.0000000e+0 0.0000000e+0 1.00000000
vn 0.0000000e+0 -1.00000000 0.0000000e+0
vn 1.00000000 0.0000000e+0 0.0000000e+0
vn 0.0000000e+0 0.0000000e+0 1.00000000
vn 0.0000000e+0 -1.00000000 0.0000000e+0
vn -9.6735848e-17 0.0000000e+0 1.00000000
vn -3.9576978e-15 0.0000000e+0 1.00000000
vn -9.6735848e-17 0.0000000e+0 1.00000000
vn -9.6735848e-17 0.0000000e+0 1.00000000
vn 3.9576978e-15 0.0000000e+0 1.00000000
vn 3.9576978e-15 0.0000000e+0 1.00000000
vn -3.9576978e-15 0.0000000e+0 1.00000000
vn 0.0000000e+0 0.0000000e+0 1.00000000
vn 1.5484806e-15 0.0000000e+0 -1.00000000
vn -1.5484806e-15 0.0000000e+0 -1.00000000
vn -1.5484806e-15 0.0000000e+0 -1.00000000
vn 1.5484806e-15 0.0000000e+0 -1.00000000
vn 0.0000000e+0 0.0000000e+0 1.00000000
vn 0.0000000e+0 0.0000000e+0 1.00000000
vn 0.0000000e+0 0.0000000e+0 1.00000000
vn -1.5484806e-15 0.0000000e+0 1.00000000
vn 1.5484806e-15 0.0000000e+0 1.00000000
vn 0.33939772 0.94064296 0.0000000e+0
vn 0.33939772 0.94064296 0.0000000e+0
vn -0.33939772 0.94064296 0.0000000e+0
vn 3.0969612e-15 0.0000000e+0 -1.00000000
vn -3.0969612e-15 0.0000000e+0 -1.00000000
vn 0.33939772 0.94064296 0.0000000e+0
vn -0.33939772 0.94064296 0.0000000e+0
vn -0.33939772 0.94064296 0.0000000e+0
vn 1.5484806e-15 0.0000000e+0 -1.00000000
vn 0.0000000e+0 0.0000000e+0 -1.00000000
vn -0.33939772 0.94064296 0.0000000e+0
vn 1.5484806e-15 0.0000000e+0 -1.00000000
vn -0.33939772 0.94064296 0.0000000e+0
vn -0.33939772 0.94064296 0.0000000e+0
vn 0.0000000e+0 0.0000000e+0 -1.00000000
vn -5.1686062e-16 0.0000000e+0 1.00000000
vn -0.33939772 0.94064296 0.0000000e+0
vn -0.33939772 0.94064296 0.0000000e+0
vn -0.33939772 0.94064296 0.0000000e+0
vn -5.1686062e-16 0.0000000e+0 1.00000000
vn -5.1686062e-16 0.0000000e+0 1.00000000
vn 0.33939772 0.94064296 0.0000000e+0
vn 5.1686062e-16 0.0000000e+0 1.00000000
vn 5.1686062e-16 0.0000000e+0 1.00000000
vn 5.1686062e-16 0.0000000e+0 1.00000000
vn 0.33939772 0.94064296 0.0000000e+0
vn 0.33939772 0.94064296 0.0000000e+0
vn -1.5484806e-15 0.0000000e+0 -1.00000000
vn 0.0000000e+0 0.0000000e+0 -1.00000000
vn 0.33939772 0.94064296 0.0000000e+0
vn 0.33939772 0.94064296 0.0000000e+0
vn 0.33939772 0.94064296 0.0000000e+0
vn 0.0000000e+0 0.0000000e+0 -1.00000000
vn -1.5484806e-15 0.0000000e+0 -1.00000000
vn 0.94064296 -0.33939772 0.0000000e+0
vn 0.0000000e+0 0.0000000e+0 -1.00000000
vn -0.33939772 -0.94064296 0.0000000e+0
vn -0.33939772 -0.94064296 0.0000000e+0
vn 0.94064296 -0.33939772 0.0000000e+0
vn 0.0000000e+0 0.0000000e+0 -1.00000000
vn 0.0000000e+0 0.0000000e+0 -1.00000000
vn 0.33939772 0.94064296 0.0000000e+0
vn 0.94064296 -0.33939772 0.0000000e+0
vn 0.33939772 0.94064296 0.0000000e+0
vn 0.94064296 -0.33939772 0.0000000e+0
vn 0.33939772 0.94064296 0.0000000e+0
vn -3.1824068e-15 0.0000000e+0 1.00000000
vn -3.1824068e-15 0.0000000e+0 1.00000000
vn 0.94064296 -0.33939772 0.0000000e+0
vn 0.94064296 -0.33939772 0.0000000e+0
vn -0.33939772 -0.94064296 0.0000000e+0
vn 0.0000000e+0 0.0000000e+0 1.00000000
vn 0.33939772 -0.94064296 0.0000000e+0
vn 0.0000000e+0 0.0000000e+0 1.00000000
vn -0.94064296 -0.33939772 0.0000000e+0
vn -0.94064296 -0.33939772 0.0000000e+0
vn -0.33939772 0.94064296 0.0000000e+0
vn -0.33939772 0.94064296 0.0000000e+0
vn 3.1824068e-15 0.0000000e+0 1.00000000
vn 3.1824068e-15 0.0000000e+0 1.00000000
vn -0.94064296 -0.33939772 0.0000000e+0
vn -0.94064296 -0.33939772 0.0000000e+0
vn 0.0000000e+0 0.0000000e+0 -1.00000000
vn -0.33939772 0.94064296 0.0000000e+0
vn -0.94064296 -0.33939772 0.0000000e+0
vn 0.0000000e+0 0.0000000e+0 -1.00000000
vn 0.33939772 -0.94064296 0.0000000e+0
vn 0.0000000e+0 0.0000000e+0 -1.00000000
vn 0.33939772 -0.94064296 0.0000000e+0
vn -0.94064296 -0.33939772 0.0000000e+0
g cube1_Roof
usemtl Roof
s 1
f 35//188 45//247 42//232
f 41//226 46//255 39//218
f 42//233 45//248 44//241
f 43//235 46//251 41//225
f 43//238 48//264 44//244
f 45//246 35//187 55//301
f 47//261 48//265 43//239
f 48//266 47//262 50//276
f 50//274 47//257 51//280
f 53//291 39//217 54//295
f 54//296 39//219 46//256
f 55//299 35//184 56//304
f 58//318 78//430 67//377
f 63//352 68//382 60//335
f 64//356 70//396 57//311
f 65//361 68//378 63//347
f 66//367 70//390 64//355
f 72//405 73//411 71//401
f 74//412 71//397 73//407
f 75//416 60//334 76//421
f 76//422 60//336 68//383
f 77//425 67//372 78//428
s 2
f 38//209 47//259 41//227
f 39//216 53//290 35//189
f 41//228 47//260 43//237
f 42//234 48//267 34//180
f 44//243 46//254 43//236
f 44//240 48//263 42//229
f 45//249 46//252 44//242
f 46//253 45//250 54//294
f 47//258 38//208 51//283
f 49//273 34//179 50//277
f 50//278 34//181 48//268
f 51//281 38//204 52//286
f 54//292 45//245 55//298
f 56//303 35//183 53//288
f 57//309 71//400 59//328
f 58//317 67//374 64//357
f 64//354 67//371 66//366
f 65//364 70//394 66//368
f 69//388 70//392 65//363
f 70//393 69//389 72//406
f 72//404 69//384 73//408
f 74//413 59//323 71//399
f 76//423 78//432 75//417
f 77//424 78//427 76//418
s 3
f 50//275 51//282 49//271
f 52//284 49//269 51//279
f 54//293 55//300 53//289
f 56//302 53//287 55//297
f 59//327 69//386 63//350
f 60//332 78//431 58//319
f 63//351 69//387 65//362
f 66//369 68//379 65//365
f 67//375 68//380 66//370
f 68//381 67//376 76//420
f 69//385 59//326 73//410
f 70//395 71//402 57//310
f 71//398 70//391 72//403
f 73//409 59//324 74//414
f 75//415 78//429 60//330
f 76//419 67//373 77//426
s 4
f 34//178 49//272 38//210
f 52//285 38//203 49//270
g cube1_Wall
usemtl Wall
s 1
f 37//201 58//316 38//207
f 38//206 58//315 34//176
f 57//308 59//325 36//194
f 58//313 37//197 33//169
f 62//343 36//191 59//322
s 2
f 33//173 60//333 58//320
f 60//329 33//170 61//337
s 3
f 34//177 64//360 42//231
f 35//185 64//358 57//312
f 37//199 39//214 40//223
f 38//205 39//215 37//200
f 41//224 39//212 38//202
f 42//230 64//359 35//186
f 58//314 64//353 34//175
s 4
f 39//213 57//307 40//222
f 40//221 57//306 36//192
f 57//305 39//211 35//182
f 59//321 63//346 62//341
f 60//331 61//339 63//348
f 62//344 63//349 61//340
g cube1_default
usemtl default
s 2
f 33//172 37//198 36//193
f 36//190 37//196 40//220
s 3
f 36//195 62//345 33//174
f 61//338 33//171 62//342
