# Exported from Wings 3D 1.2
mtllib coal_mine.mtl
o cube1
#46 vertices, 88 faces
v 0.18917909 0.0000000e+0 1.72894021
v 0.18917909 2.00000000 1.72894021
v 1.45194161 2.00000000 1.72894021
v 1.45194161 0.0000000e+0 1.72894021
v 0.18917909 0.0000000e+0 0.12195283
v 0.18917909 2.00000000 0.12195283
v 1.45194161 2.00000000 0.12195283
v 1.45194161 0.0000000e+0 0.12195283
v 0.82056035 2.29309093 0.12195283
v 0.82056035 2.29309093 1.72894021
v 0.82056035 2.35184187 0.12195283
v 0.82056035 2.35184187 1.72894021
v 1.47437915 2.04833531 1.72894021
v 1.47437915 2.04833531 0.12195283
v 0.16674155 2.04833531 0.12195283
v 0.16674155 2.04833531 1.72894021
v 0.10912373 1.96283783 1.72894021
v 8.6686193e-2 2.01117314 1.72894021
v 8.6686193e-2 2.01117314 0.12195283
v 0.10912373 1.96283783 0.12195283
v 1.53199696 1.96283783 0.12195283
v 1.55443450 2.01117314 0.12195283
v 1.55443450 2.01117314 1.72894021
v 1.53199696 1.96283783 1.72894021
v 1.45194161 1.21182481 1.72894021
v 0.18917909 1.21182481 1.72894021
v 1.45194161 1.21182481 2.67415845
v 0.18917909 1.21182481 2.67415845
v 0.18917909 0.0000000e+0 2.67415845
v 1.45194161 0.0000000e+0 2.67415845
v 0.82056035 1.43963639 2.67415845
v 0.82056035 1.43963639 1.72894021
v 0.82056035 1.49487204 2.67415845
v 0.82056035 1.49487204 1.72894021
v 0.17154499 1.26069782 1.72894021
v 0.17154499 1.26069782 2.67415845
v 1.46957571 1.26069782 2.67415845
v 1.46957571 1.26069782 1.72894021
v 1.53089032 1.18333896 1.72894021
v 1.54852442 1.23221197 1.72894021
v 1.54852442 1.23221197 2.67415845
v 1.53089032 1.18333896 2.67415845
v 0.11023037 1.18333896 2.67415845
v 9.2596276e-2 1.23221197 2.67415845
v 9.2596276e-2 1.23221197 1.72894021
v 0.11023037 1.18333896 1.72894021
vn -1.00000000 0.0000000e+0 0.0000000e+0
vn -1.00000000 0.0000000e+0 0.0000000e+0
vn 0.0000000e+0 -1.00000000 0.0000000e+0
vn 0.0000000e+0 -1.00000000 0.0000000e+0
vn -1.00000000 0.0000000e+0 0.0000000e+0
vn 0.0000000e+0 -1.00000000 0.0000000e+0
vn 0.42105177 -0.90703661 0.0000000e+0
vn 2.4016246e-16 0.0000000e+0 1.00000000
vn -1.00000000 0.0000000e+0 0.0000000e+0
vn 2.4016246e-16 0.0000000e+0 1.00000000
vn 0.0000000e+0 0.0000000e+0 1.00000000
vn 0.0000000e+0 0.0000000e+0 1.00000000
vn 0.0000000e+0 0.0000000e+0 1.00000000
vn 1.00000000 0.0000000e+0 0.0000000e+0
vn -0.42105177 -0.90703661 0.0000000e+0
vn 0.0000000e+0 0.0000000e+0 1.00000000
vn -2.4016246e-16 0.0000000e+0 1.00000000
vn -2.4016246e-16 0.0000000e+0 1.00000000
vn 0.0000000e+0 0.0000000e+0 1.00000000
vn 0.0000000e+0 0.0000000e+0 1.00000000
vn -0.42105177 -0.90703661 0.0000000e+0
vn 0.0000000e+0 -1.00000000 0.0000000e+0
vn 0.0000000e+0 -1.00000000 0.0000000e+0
vn 1.00000000 0.0000000e+0 0.0000000e+0
vn 1.00000000 0.0000000e+0 0.0000000e+0
vn 0.0000000e+0 -1.00000000 0.0000000e+0
vn 1.00000000 0.0000000e+0 0.0000000e+0
vn 0.0000000e+0 -1.00000000 0.0000000e+0
vn -1.00000000 0.0000000e+0 0.0000000e+0
vn 0.0000000e+0 -1.00000000 0.0000000e+0
vn 0.0000000e+0 0.0000000e+0 -1.00000000
vn 0.0000000e+0 0.0000000e+0 -1.00000000
vn -1.00000000 0.0000000e+0 0.0000000e+0
vn 0.0000000e+0 0.0000000e+0 -1.00000000
vn 0.42105177 -0.90703661 0.0000000e+0
vn -1.2294298e-16 0.0000000e+0 -1.00000000
vn 0.0000000e+0 0.0000000e+0 -1.00000000
vn -1.00000000 0.0000000e+0 0.0000000e+0
vn -1.00000000 0.0000000e+0 0.0000000e+0
vn -1.2294298e-16 0.0000000e+0 -1.00000000
vn -1.2294298e-16 0.0000000e+0 -1.00000000
vn 0.42105177 -0.90703661 0.0000000e+0
vn 1.00000000 0.0000000e+0 0.0000000e+0
vn 0.0000000e+0 0.0000000e+0 -1.00000000
vn -0.42105177 -0.90703661 0.0000000e+0
vn 1.00000000 0.0000000e+0 0.0000000e+0
vn 0.0000000e+0 0.0000000e+0 -1.00000000
vn 0.0000000e+0 0.0000000e+0 -1.00000000
vn 1.2294298e-16 0.0000000e+0 -1.00000000
vn 1.2294298e-16 0.0000000e+0 -1.00000000
vn 1.2294298e-16 0.0000000e+0 -1.00000000
vn 0.0000000e+0 -1.00000000 0.0000000e+0
vn 1.00000000 0.0000000e+0 0.0000000e+0
vn 1.00000000 0.0000000e+0 0.0000000e+0
vn 0.0000000e+0 0.0000000e+0 -1.00000000
vn 0.0000000e+0 0.0000000e+0 -1.00000000
vn 2.2580210e-17 0.0000000e+0 -1.00000000
vn 2.2580210e-17 0.0000000e+0 -1.00000000
vn -2.2580210e-17 0.0000000e+0 -1.00000000
vn -2.2580210e-17 0.0000000e+0 -1.00000000
vn 1.0838501e-15 0.0000000e+0 1.00000000
vn 0.0000000e+0 0.0000000e+0 1.00000000
vn 0.0000000e+0 0.0000000e+0 1.00000000
vn -1.0838501e-15 0.0000000e+0 1.00000000
vn -1.0838501e-15 0.0000000e+0 1.00000000
vn 1.0838501e-15 0.0000000e+0 1.00000000
vn 4.5160421e-17 0.0000000e+0 -1.00000000
vn 0.42105177 0.90703661 0.0000000e+0
vn -4.5160421e-17 0.0000000e+0 -1.00000000
vn -0.42105177 0.90703661 0.0000000e+0
vn -0.42105177 0.90703661 0.0000000e+0
vn 2.1677002e-15 0.0000000e+0 1.00000000
vn -2.1677002e-15 0.0000000e+0 1.00000000
vn 0.42105177 0.90703661 0.0000000e+0
vn 0.42105177 0.90703661 0.0000000e+0
vn -0.42105177 0.90703661 0.0000000e+0
vn 0.42105177 0.90703661 0.0000000e+0
vn -7.2256674e-16 0.0000000e+0 1.00000000
vn -7.2256674e-16 0.0000000e+0 1.00000000
vn -7.2256674e-16 0.0000000e+0 1.00000000
vn 0.42105177 0.90703661 0.0000000e+0
vn 0.42105177 0.90703661 0.0000000e+0
vn 1.5053474e-17 0.0000000e+0 -1.00000000
vn 0.42105177 0.90703661 0.0000000e+0
vn 0.42105177 0.90703661 0.0000000e+0
vn 0.42105177 0.90703661 0.0000000e+0
vn 1.5053474e-17 0.0000000e+0 -1.00000000
vn 1.5053474e-17 0.0000000e+0 -1.00000000
vn -0.42105177 0.90703661 0.0000000e+0
vn -1.5053474e-17 0.0000000e+0 -1.00000000
vn -1.5053474e-17 0.0000000e+0 -1.00000000
vn -1.5053474e-17 0.0000000e+0 -1.00000000
vn -0.42105177 0.90703661 0.0000000e+0
vn -0.42105177 0.90703661 0.0000000e+0
vn 7.2256674e-16 0.0000000e+0 1.00000000
vn -0.42105177 0.90703661 0.0000000e+0
vn -0.42105177 0.90703661 0.0000000e+0
vn -0.42105177 0.90703661 0.0000000e+0
vn 7.2256674e-16 0.0000000e+0 1.00000000
vn 7.2256674e-16 0.0000000e+0 1.00000000
vn -0.90703661 -0.42105177 0.0000000e+0
vn 0.42105177 -0.90703661 0.0000000e+0
vn -0.90703661 -0.42105177 0.0000000e+0
vn 0.42105177 -0.90703661 0.0000000e+0
vn 0.0000000e+0 0.0000000e+0 1.00000000
vn -0.42105177 0.90703661 0.0000000e+0
vn -0.90703661 -0.42105177 0.0000000e+0
vn -0.42105177 0.90703661 0.0000000e+0
vn 0.0000000e+0 0.0000000e+0 1.00000000
vn 0.0000000e+0 0.0000000e+0 1.00000000
vn -0.90703661 -0.42105177 0.0000000e+0
vn -0.42105177 0.90703661 0.0000000e+0
vn -1.8441447e-16 0.0000000e+0 -1.00000000
vn -0.90703661 -0.42105177 0.0000000e+0
vn -1.8441447e-16 0.0000000e+0 -1.00000000
vn -0.90703661 -0.42105177 0.0000000e+0
vn -3.6882894e-16 0.0000000e+0 -1.00000000
vn 0.42105177 -0.90703661 0.0000000e+0
vn 0.90703661 -0.42105177 0.0000000e+0
vn -0.42105177 -0.90703661 0.0000000e+0
vn 0.90703661 -0.42105177 0.0000000e+0
vn -0.42105177 -0.90703661 0.0000000e+0
vn 3.6882894e-16 0.0000000e+0 -1.00000000
vn 0.42105177 0.90703661 0.0000000e+0
vn 0.90703661 -0.42105177 0.0000000e+0
vn 0.42105177 0.90703661 0.0000000e+0
vn 1.8441447e-16 0.0000000e+0 -1.00000000
vn 1.8441447e-16 0.0000000e+0 -1.00000000
vn 0.90703661 -0.42105177 0.0000000e+0
vn 0.42105177 0.90703661 0.0000000e+0
vn 0.0000000e+0 0.0000000e+0 1.00000000
vn 0.90703661 -0.42105177 0.0000000e+0
vn 0.0000000e+0 0.0000000e+0 1.00000000
vn 0.90703661 -0.42105177 0.0000000e+0
vn 0.0000000e+0 0.0000000e+0 1.00000000
vn -0.42105177 -0.90703661 0.0000000e+0
vn 1.00000000 0.0000000e+0 0.0000000e+0
vn 1.00000000 0.0000000e+0 0.0000000e+0
vn 0.0000000e+0 0.0000000e+0 -1.00000000
vn 6.3648137e-15 0.0000000e+0 -1.00000000
vn -0.33939772 -0.94064296 0.0000000e+0
vn 1.00000000 0.0000000e+0 0.0000000e+0
vn 1.00000000 0.0000000e+0 0.0000000e+0
vn -8.9239221e-16 0.0000000e+0 1.00000000
vn -1.00000000 0.0000000e+0 0.0000000e+0
vn 8.9239221e-16 0.0000000e+0 1.00000000
vn -1.00000000 0.0000000e+0 0.0000000e+0
vn -6.3648137e-15 0.0000000e+0 -1.00000000
vn 0.33939772 -0.94064296 0.0000000e+0
vn -1.00000000 0.0000000e+0 0.0000000e+0
vn -1.00000000 0.0000000e+0 0.0000000e+0
vn 0.0000000e+0 0.0000000e+0 -1.00000000
vn 0.0000000e+0 0.0000000e+0 1.00000000
vn 1.00000000 0.0000000e+0 0.0000000e+0
vn -0.33939772 -0.94064296 0.0000000e+0
vn 2.1216046e-15 0.0000000e+0 1.00000000
vn 1.00000000 0.0000000e+0 0.0000000e+0
vn 2.1216046e-15 0.0000000e+0 1.00000000
vn 2.1216046e-15 0.0000000e+0 1.00000000
vn -0.33939772 -0.94064296 0.0000000e+0
vn -1.00000000 0.0000000e+0 0.0000000e+0
vn 0.33939772 -0.94064296 0.0000000e+0
vn 5.8041509e-16 0.0000000e+0 1.00000000
vn 0.33939772 -0.94064296 0.0000000e+0
vn -1.00000000 0.0000000e+0 0.0000000e+0
vn 2.1216046e-15 0.0000000e+0 1.00000000
vn 2.1216046e-15 0.0000000e+0 1.00000000
vn 2.1216046e-15 0.0000000e+0 1.00000000
vn 2.9020754e-16 0.0000000e+0 1.00000000
vn 2.9020754e-16 0.0000000e+0 1.00000000
vn -1.00000000 0.0000000e+0 0.0000000e+0
vn 0.0000000e+0 -1.00000000 0.0000000e+0
vn 0.0000000e+0 0.0000000e+0 1.00000000
vn 0.0000000e+0 -1.00000000 0.0000000e+0
vn 0.0000000e+0 0.0000000e+0 1.00000000
vn 1.00000000 0.0000000e+0 0.0000000e+0
vn 0.0000000e+0 -1.00000000 0.0000000e+0
vn 1.9347170e-16 0.0000000e+0 1.00000000
vn -7.7424030e-16 0.0000000e+0 1.00000000
vn 1.9347170e-16 0.0000000e+0 1.00000000
vn 1.9347170e-16 0.0000000e+0 1.00000000
vn 7.7424030e-16 0.0000000e+0 1.00000000
vn 7.7424030e-16 0.0000000e+0 1.00000000
vn -7.7424030e-16 0.0000000e+0 1.00000000
vn 0.0000000e+0 0.0000000e+0 1.00000000
vn 0.0000000e+0 0.0000000e+0 -1.00000000
vn 0.0000000e+0 0.0000000e+0 -1.00000000
vn 0.0000000e+0 0.0000000e+0 -1.00000000
vn 0.0000000e+0 0.0000000e+0 -1.00000000
vn 0.0000000e+0 0.0000000e+0 1.00000000
vn 0.0000000e+0 0.0000000e+0 1.00000000
vn 0.0000000e+0 0.0000000e+0 1.00000000
vn -1.5484806e-15 0.0000000e+0 1.00000000
vn 1.5484806e-15 0.0000000e+0 1.00000000
vn 0.33939772 0.94064296 0.0000000e+0
vn 0.33939772 0.94064296 0.0000000e+0
vn -0.33939772 0.94064296 0.0000000e+0
vn 0.0000000e+0 0.0000000e+0 -1.00000000
vn 0.33939772 0.94064296 0.0000000e+0
vn 0.0000000e+0 0.0000000e+0 -1.00000000
vn -0.33939772 0.94064296 0.0000000e+0
vn -0.33939772 0.94064296 0.0000000e+0
vn 0.0000000e+0 0.0000000e+0 -1.00000000
vn 3.5498741e-29 0.0000000e+0 -1.00000000
vn -0.33939772 0.94064296 0.0000000e+0
vn 0.0000000e+0 0.0000000e+0 -1.00000000
vn -0.33939772 0.94064296 0.0000000e+0
vn -0.33939772 0.94064296 0.0000000e+0
vn 3.5498741e-29 0.0000000e+0 -1.00000000
vn 1.6054444e-15 0.0000000e+0 1.00000000
vn -0.33939772 0.94064296 0.0000000e+0
vn -0.33939772 0.94064296 0.0000000e+0
vn -0.33939772 0.94064296 0.0000000e+0
vn 1.6054444e-15 0.0000000e+0 1.00000000
vn 1.6054444e-15 0.0000000e+0 1.00000000
vn 0.33939772 0.94064296 0.0000000e+0
vn -1.6054444e-15 0.0000000e+0 1.00000000
vn -1.6054444e-15 0.0000000e+0 1.00000000
vn -1.6054444e-15 0.0000000e+0 1.00000000
vn 0.33939772 0.94064296 0.0000000e+0
vn 0.33939772 0.94064296 0.0000000e+0
vn 0.0000000e+0 0.0000000e+0 -1.00000000
vn -3.0765575e-29 0.0000000e+0 -1.00000000
vn 0.33939772 0.94064296 0.0000000e+0
vn 0.33939772 0.94064296 0.0000000e+0
vn 0.33939772 0.94064296 0.0000000e+0
vn -3.0765575e-29 0.0000000e+0 -1.00000000
vn 0.0000000e+0 0.0000000e+0 -1.00000000
vn 0.94064296 -0.33939772 0.0000000e+0
vn -3.0765575e-29 0.0000000e+0 -1.00000000
vn -0.33939772 -0.94064296 0.0000000e+0
vn -0.33939772 -0.94064296 0.0000000e+0
vn 0.94064296 -0.33939772 0.0000000e+0
vn -3.0765575e-29 0.0000000e+0 -1.00000000
vn 0.33939772 0.94064296 0.0000000e+0
vn 0.94064296 -0.33939772 0.0000000e+0
vn 0.33939772 0.94064296 0.0000000e+0
vn -6.3648137e-15 0.0000000e+0 -1.00000000
vn 0.94064296 -0.33939772 0.0000000e+0
vn 0.33939772 0.94064296 0.0000000e+0
vn 3.1824068e-15 0.0000000e+0 1.00000000
vn 3.1824068e-15 0.0000000e+0 1.00000000
vn 0.94064296 -0.33939772 0.0000000e+0
vn 0.94064296 -0.33939772 0.0000000e+0
vn 1.2729627e-14 0.0000000e+0 1.00000000
vn -0.33939772 -0.94064296 0.0000000e+0
vn 0.33939772 -0.94064296 0.0000000e+0
vn 0.0000000e+0 0.0000000e+0 1.00000000
vn -0.94064296 -0.33939772 0.0000000e+0
vn -0.94064296 -0.33939772 0.0000000e+0
vn -0.33939772 0.94064296 0.0000000e+0
vn -0.33939772 0.94064296 0.0000000e+0
vn 3.1824068e-15 0.0000000e+0 1.00000000
vn 3.1824068e-15 0.0000000e+0 1.00000000
vn -0.94064296 -0.33939772 0.0000000e+0
vn -0.94064296 -0.33939772 0.0000000e+0
vn -0.33939772 0.94064296 0.0000000e+0
vn 6.3648137e-15 0.0000000e+0 -1.00000000
vn -0.94064296 -0.33939772 0.0000000e+0
vn 3.5498741e-29 0.0000000e+0 -1.00000000
vn 0.33939772 -0.94064296 0.0000000e+0
vn 3.5498741e-29 0.0000000e+0 -1.00000000
vn 0.33939772 -0.94064296 0.0000000e+0
vn -0.94064296 -0.33939772 0.0000000e+0
g cube1_Roof
usemtl Roof
s 1
f 3//20 13//79 10//64
f 9//58 14//87 7//49
f 10//65 13//80 12//73
f 11//67 14//83 9//57
f 11//70 16//96 12//76
f 13//78 3//19 23//133
f 15//93 16//97 11//71
f 16//98 15//94 18//108
f 18//106 15//89 19//112
f 21//123 7//51 22//128
f 22//127 7//50 14//88
f 23//131 3//16 24//135
f 26//148 46//260 35//204
f 31//184 36//214 28//166
f 32//187 38//222 25//139
f 33//193 36//210 31//179
f 34//200 38//228 32//188
f 40//236 41//243 39//233
f 42//244 39//229 41//239
f 43//248 28//168 44//254
f 44//253 28//167 36//215
f 45//258 35//209 46//262
s 2
f 6//41 15//91 9//59
f 7//45 21//120 3//15
f 9//60 15//92 11//69
f 10//66 16//99 2//11
f 12//74 14//84 11//68
f 12//72 16//95 10//61
f 13//81 14//85 12//75
f 14//86 13//82 22//126
f 15//90 6//40 19//115
f 17//105 2//13 18//110
f 18//109 2//12 16//100
f 19//113 6//36 20//117
f 22//124 13//77 23//130
f 24//136 3//21 21//122
f 25//141 39//231 27//155
f 26//152 35//206 32//189
f 32//186 35//203 34//198
f 33//196 38//226 34//199
f 37//220 38//224 33//195
f 38//225 37//221 40//237
f 40//235 37//216 41//240
f 42//246 27//160 39//232
f 44//255 46//264 43//249
f 45//256 46//259 44//250
s 3
f 18//107 19//114 17//103
f 20//116 17//101 19//111
f 22//125 23//132 21//121
f 24//134 21//119 23//129
f 27//159 37//218 31//182
f 28//162 46//261 26//149
f 31//183 37//219 33//194
f 34//201 36//211 33//197
f 35//207 36//212 34//202
f 36//213 35//208 44//252
f 37//217 27//158 41//242
f 38//223 39//230 25//140
f 39//234 38//227 40//238
f 41//241 27//156 42//245
f 43//247 46//263 28//164
f 44//251 35//205 45//257
s 4
f 2//7 17//102 6//35
f 20//118 6//42 17//104
g cube1_Wall
usemtl Wall
s 1
f 5//33 26//151 6//39
f 6//38 26//150 2//9
f 25//138 27//154 4//24
f 26//145 5//29 1//1
f 30//176 4//27 27//157
s 2
f 1//2 28//161 26//147
f 28//165 1//5 29//171
s 3
f 2//10 32//192 10//63
f 3//17 32//190 25//144
f 5//31 7//47 8//55
f 6//37 7//48 5//32
f 9//56 7//44 6//34
f 10//62 32//191 3//18
f 26//146 32//185 2//8
s 4
f 7//46 25//143 8//54
f 8//53 25//142 4//25
f 25//137 7//43 3//14
f 27//153 31//178 30//173
f 28//163 29//169 31//180
f 30//175 31//181 29//170
g cube1_default
usemtl default
s 2
f 1//4 5//30 4//26
f 4//22 5//28 8//52
s 3
f 4//23 30//174 1//3
f 29//172 1//6 30//177
